angle_deg,intensity
20.0,-1.5071815666858788
20.03501750875438,-0.355965599880448
20.070035017508754,-1.6234832139970026
20.105052526263133,1.8487320920096766
20.14007003501751,0.59984749081393
20.175087543771888,1.4181972095975788
20.210105052526263,-1.069575165981296
20.245122561280642,2.6295599852252503
20.280140070035017,0.7981474478457911
20.315157578789396,-3.2259990450268776
20.35017508754377,-0.058172230036469534
20.38519259629815,-1.402132438686589
20.420210105052526,1.1187101328082174
20.455227613806905,0.40163074460891074
20.49024512256128,2.812970596708334
20.52526263131566,0.4601992272283133
20.560280140070034,-2.6100602025754682
20.595297648824413,4.152534154259485
20.63031515757879,2.586068974856136
20.665332666333168,-1.3183272558155308
20.700350175087543,-1.2673698406660452
20.735367683841922,1.723112526981285
20.770385192596297,-0.3974344156944325
20.805402701350676,0.7650966253290729
20.84042021010505,-0.27520315074317436
20.87543771885943,1.1847205979219213
20.910455227613806,-2.027769081042942
20.945472736368185,0.6589393722197024
20.98049024512256,3.2243072748464106
21.01550775387694,-3.740023199255276
21.050525262631314,-2.56394639652378
21.085542771385693,0.9668933771074105
21.12056028014007,-1.9446575282480114
21.155577788894448,-2.2487559878572925
21.190595297648823,-2.33903269145763
21.225612806403202,-1.2305854831940857
21.260630315157577,1.7042880612588651
21.295647823911956,0.5578056704108947
21.33066533266633,-0.6727442124436236
21.36568284142071,0.15571323618693814
21.400700350175086,-1.7974895054800715
21.435717858929465,-1.1543123574451957
21.470735367683844,-0.42031641252068125
21.50575287643822,-0.8401190075936311
21.540770385192594,1.9281836101188055
21.575787893946973,1.1265311607864195
21.610805402701352,0.8398646617163062
21.645822911455728,0.3290276503587478
21.680840420210107,-1.7354052483886566
21.715857928964482,1.1424573382099485
21.75087543771886,3.4632071423497095
21.785892946473236,3.002805007495902
21.820910455227615,-0.41647289385587866
21.85592796398199,-0.0648135771304843
21.89094547273637,-2.6879452100903456
21.925962981490745,-0.4839517218507472
21.960980490245124,0.07062962698461506
21.9959979989995,1.4564365442112113
22.031015507753878,-3.6813603329916362
22.066033016508253,0.7163526859428634
22.101050525262632,-5.316896705216554
22.136068034017008,1.1598504282586426
22.171085542771387,0.5457828140728289
22.206103051525762,-2.34433548315236
22.24112056028014,-5.678782268599578
22.276138069034516,0.8447395193800852
22.311155577788895,-2.744162816405265
22.34617308654327,0.8026075558144332
22.38119059529765,-0.14362658771679065
22.416208104052025,-1.6745460271824597
22.451225612806404,0.10247077404982137
22.48624312156078,2.7663035848816544
22.521260630315158,2.1670943118608315
22.556278139069533,1.4459749075612571
22.591295647823912,2.369458698709214
22.626313156578288,-3.486924299896913
22.661330665332667,-2.5481026710434276
22.696348174087042,1.8969412794837355
22.73136568284142,-0.36853331120587624
22.766383191595796,-0.1419190375223723
22.801400700350175,2.980212467700738
22.83641820910455,-2.9206535475211446
22.87143571785893,2.33986957023862
22.90645322661331,2.192663082446787
22.941470735367684,-1.550950287785856
22.97648824412206,1.9831134053247665
23.011505752876438,-2.837301687068943
23.046523261630817,-2.3605048572289347
23.081540770385192,-2.3325533801053604
23.116558279139568,-1.2542089392436238
23.151575787893947,1.7862905211573223
23.186593296648326,-2.2471940409376696
23.2216108054027,-1.7077119863357904
23.25662831415708,1.87957627786735
23.291645822911455,1.2400071914235435
23.326663331665834,0.676707533843944
23.36168084042021,0.2509754916932242
23.39669834917459,-2.6512460986762107
23.431715857928964,0.9100078406595081
23.466733366683343,4.167845243528002
23.50175087543772,-3.410623531048837
23.536768384192097,-2.5093189793327006
23.571785892946473,1.3775407235109014
23.60680340170085,-0.7207754379351221
23.641820910455227,1.179812234405434
23.676838419209606,3.2999235262862063
23.71185592796398,-5.088663332708013
23.74687343671836,0.4732502488072969
23.781890945472735,2.8895620089985607
23.816908454227114,0.9783284854270268
23.85192596298149,-0.28707737231967384
23.88694347173587,2.447531171913811
23.921960980490244,4.918545384817448
23.956978489244623,-0.7817092788307421
23.991995997999,3.6543797869586614
24.027013506753377,0.20494650502527662
24.062031015507753,0.3083948853475294
24.09704852426213,2.1735321230607463
24.132066033016507,-4.4260862727763675
24.167083541770886,-1.4533931309832406
24.202101050525265,0.5507663552378949
24.23711855927964,-0.09998212088294557
24.272136068034015,1.126288911702965
24.307153576788394,1.7019859963868718
24.342171085542773,1.2540258756863094
24.37718859429715,7.9440487563463185
24.412206103051524,0.9555336788616002
24.447223611805903,-1.0732863987086716
24.482241120560282,-0.36910804080914683
24.517258629314657,1.3789574183877575
24.552276138069033,-0.1752227858843249
24.58729364682341,1.71339653788645
24.62231115557779,-1.2740391437267413
24.657328664332166,-2.1250685737391977
24.69234617308654,2.639032072586287
24.72736368184092,0.07672086318706357
24.7623811905953,-1.0968439046766996
24.797398699349674,0.8848259668212096
24.83241620810405,2.473602042439003
24.86743371685843,0.5095377593579364
24.902451225612808,1.263557241790023
24.937468734367183,0.7695653060150285
24.972486243121562,0.5335289229412847
25.007503751875937,3.3229274012444745
25.042521260630316,0.4403135010041845
25.07753876938469,-2.0252239280330357
25.11255627813907,-2.290488512165636
25.147573786893446,-0.11650643214787404
25.182591295647825,3.388137954702299
25.2176088044022,-2.107016907654645
25.25262631315658,3.518678840279058
25.287643821910955,-2.8470845617352403
25.322661330665333,-3.3249896973751225
25.35767883941971,1.0198412960228374
25.392696348174088,-2.549547523497426
25.427713856928463,0.7173433552050609
25.462731365682842,2.454839427889026
25.497748874437217,-4.364213350877921
25.532766383191596,-1.2019540154528432
25.56778389194597,-2.277140132047178
25.60280140070035,0.8020947924168524
25.63781890945473,-1.3802270331763165
25.672836418209105,0.820730426985061
25.70785392696348,5.484657585255036
25.74287143571786,0.752388297270228
25.777888944472238,2.679301746867726
25.812906453226613,-2.642105002964736
25.84792396198099,1.3986865213298576
25.882941470735368,-0.6915620739238951
25.917958979489747,-0.7491786297896695
25.952976488244122,1.3373224960880947
25.987993996998497,0.3905338963323783
26.023011505752876,-6.412228404744386
26.058029014507255,1.21055817346924
26.09304652326163,-1.3539411516991682
26.128064032016006,0.33396054825868177
26.163081540770385,-1.8833867209930073
26.198099049524764,3.133847182734938
26.23311655827914,1.1549756996737286
26.268134067033515,2.8779049972971533
26.303151575787894,2.4712369407812314
26.338169084542272,-0.4921445172262802
26.373186593296648,-4.557633853251776
26.408204102051027,-2.5140886764572503
26.443221610805402,-0.026114132631143844
26.47823911955978,-0.15150987975324187
26.513256628314156,0.9334793431426972
26.548274137068535,-1.8027485704573782
26.58329164582291,0.617456980327752
26.61830915457729,-2.141256450086539
26.653326663331665,-0.817051330232865
26.688344172086044,3.739276095613722
26.72336168084042,-3.108161301863888
26.758379189594798,-0.35271585161183133
26.793396698349174,-1.0148226045810669
26.828414207103553,4.101259396546396
26.863431715857928,-1.3664949266028295
26.898449224612307,-1.7857816007902092
26.933466733366682,-0.39295640523590797
26.96848424212106,1.396593412138796
27.003501750875436,-1.6201661902482292
27.038519259629815,0.6800820230070415
27.07353676838419,-0.9256369426585788
27.10855427713857,2.704772458849687
27.143571785892945,0.7213982425162241
27.178589294647324,-0.7295010390003701
27.213606803401703,-0.7454927304236123
27.24862431215608,-0.2959044382210258
27.283641820910454,-2.654206603243284
27.318659329664833,-0.15006560339626235
27.35367683841921,3.04488760905036
27.388694347173587,2.856833805970228
27.423711855927962,1.8061048800193915
27.45872936468234,1.3820090779496412
27.49374687343672,-2.1492491721266584
27.528764382191095,1.5945744514923557
27.56378189094547,0.09550424176386443
27.59879939969985,-0.07021330687938408
27.63381690845423,-2.4405417917720635
27.668834417208604,-0.41880277494869556
27.70385192596298,-2.1041409856369784
27.73886943471736,0.3727452878941318
27.773886943471737,-1.4208996567072534
27.808904452226113,1.5178607268292654
27.843921960980488,3.580574559716918
27.878939469734867,-0.3848353327275729
27.913956978489246,0.42139247355681914
27.94897448724362,-3.7301101536884134
27.983991995998,0.8036121868312837
28.019009504752376,-0.42815503087529294
28.054027013506754,-2.2115568462768858
28.08904452226113,0.8104284615581747
28.124062031015505,-2.7771740219018604
28.159079539769884,1.1901271324688747
28.194097048524263,0.0156790392585669
28.229114557278642,0.06682766323834961
28.264132066033017,-1.5895499862156743
28.299149574787393,-0.1736113227574747
28.33416708354177,-2.2436115229550917
28.36918459229615,2.3164620657537185
28.404202101050526,-0.27617243428357613
28.4392196098049,-0.43146672037173295
28.47423711855928,0.45504109756314814
28.50925462731366,-1.8477897468810238
28.544272136068034,1.8286410506789226
28.57928964482241,-1.230060350376485
28.61430715357679,2.080450175395897
28.649324662331168,-1.0887546509876607
28.684342171085543,-1.9477184196854012
28.71935967983992,-2.6083840476182987
28.754377188594297,5.145125426280582
28.789394697348676,2.2060535834678467
28.82441220610305,0.04890543784292471
28.859429714857427,0.45559354406196384
28.894447223611806,1.8292965666808603
28.929464732366185,1.1855997267259277
28.96448224112056,3.1035127736113375
28.999499749874936,0.18920475090164932
29.034517258629315,1.3750860504492233
29.069534767383693,-0.26023701581771885
29.10455227613807,-0.018827700401329403
29.139569784892444,-5.621730546234243
29.174587293646823,-0.3222432958799108
29.209604802401202,1.485069030148942
29.244622311155577,-1.297612936681834
29.279639819909953,-0.6478952873166229
29.31465732866433,-1.7105030899645748
29.34967483741871,0.28332571884028634
29.384692346173086,-2.2651415213564214
29.41970985492746,1.6953628051461946
29.45472736368184,-0.18026459992076646
29.48974487243622,-1.1557844494711254
29.524762381190595,-0.7699174986714914
29.55977988994497,0.6258747001366061
29.59479739869935,-1.7539338118908656
29.629814907453728,-3.3021816416831125
29.664832416208103,-1.5726648377580459
29.69984992496248,2.667373460390914
29.734867433716857,3.5903208156354274
29.769884942471236,-2.101611305844513
29.804902451225615,-1.9509762654264293
29.83991995997999,3.5518175869845825
29.874937468734366,3.758655752471025
29.909954977488745,-2.284450592647974
29.944972486243124,2.3769529248164023
29.9799899949975,1.9921622798901388
30.015007503751875,-0.0707378384707958
30.050025012506254,1.8383563821892177
30.085042521260632,-0.3459760524496752
30.120060030015008,1.8842018437344548
30.155077538769383,-0.1388403067228565
30.190095047523762,-4.141763091859601
30.22511255627814,1.8212722787265996
30.260130065032516,-1.692627001216439
30.295147573786892,-1.3309995388604567
30.33016508254127,-0.18382849807553442
30.36518259129565,0.14132630222094794
30.400200100050025,0.8627514481879566
30.4352176088044,-0.8226588240926247
30.47023511755878,-0.9022923944225636
30.50525262631316,2.571919868422267
30.540270135067534,0.04463099922379554
30.57528764382191,-0.26672467704797853
30.610305152576288,0.5527639949251022
30.645322661330667,-3.0690275298391083
30.680340170085042,-4.480513321942088
30.715357678839418,1.4283001693270618
30.750375187593797,-1.1963247784221036
30.785392696348175,4.368580708121451
30.82041020510255,3.7318569416844594
30.855427713856926,1.3939292592633143
30.890445222611305,2.012073605568727
30.925462731365684,0.6303531371065073
30.96048024012006,3.685113188964103
30.995497748874435,3.2722809285051815
31.030515257628814,-1.1070725274870976
31.065532766383193,2.082660241009038
31.100550275137568,0.3832416076258086
31.135567783891943,0.8804428609680023
31.170585292646322,-2.309039943972485
31.2056028014007,4.527909462815182
31.24062031015508,-1.9445634245439145
31.275637818909455,1.2577906494573383
31.31065532766383,3.4354892935392667
31.34567283641821,-2.509112716708791
31.38069034517259,-2.025614186815586
31.415707853926964,0.9851171621840575
31.45072536268134,-0.1768342578469914
31.48574287143572,-1.7968482433880104
31.520760380190097,3.6205523687742835
31.555777888944473,-0.18572073589520866
31.590795397698848,3.800504493047666
31.625812906453227,4.3027518928685415
31.660830415207606,-0.32448474354606466
31.69584792396198,1.4054346976375578
31.730865432716357,2.7448233821336574
31.765882941470736,-1.778734691877624
31.800900450225114,-1.9830337196075725
31.83591795897949,-0.2804467939264182
31.870935467733865,2.868647423051768
31.905952976488244,4.5914244120315635
31.940970485242623,0.41358935663920354
31.975987993997,-2.1837911751776216
32.011005502751374,-0.6099261611896872
32.04602301150575,-2.8330361078140243
32.08104052026013,2.520212479981496
32.11605802901451,-2.846087602603748
32.15107553776888,0.643002008256482
32.18609304652326,-0.40524974156149757
32.22111055527764,-1.2090804497136511
32.25612806403201,0.8234939636040476
32.29114557278639,2.255131424187561
32.32616308154077,-1.701809624903661
32.36118059029515,2.378110017853982
32.39619809904953,0.3361790753071189
32.4312156078039,1.9272591377078052
32.46623311655828,2.7332745901179623
32.50125062531266,1.4294084868969417
32.53626813406703,3.556454633571639
32.57128564282141,-1.3848399665023985
32.60630315157579,-3.8456411860868
32.641320660330166,-2.1709711353486663
32.676338169084545,-2.5667231929366134
32.711355677838924,-1.1777374900947837
32.746373186593296,-2.984764228313011
32.781390695347675,-0.41032207705056817
32.81640820410205,-1.158146598419096
32.851425712856425,2.1615364917465385
32.886443221610804,2.306165211405559
32.92146073036518,0.9319943731105089
32.95647823911956,-1.4013363141347759
32.99149574787394,0.0007400046227989064
33.02651325662831,1.464975590181108
33.06153076538269,0.8335817164359066
33.09654827413707,-2.0023892073668637
33.13156578289144,-0.4084971546180548
33.16658329164582,0.4614051934057406
33.2016008004002,-1.1211393478598175
33.23661830915458,1.395845898111988
33.27163581790896,0.2270395837329829
33.30665332666333,0.35524232509054293
33.34167083541771,1.2880596949494412
33.37668834417209,-0.3666796888381925
33.41170585292646,-1.3608133041510704
33.44672336168084,0.056896487576419595
33.48174087043522,0.5215638645799057
33.516758379189596,-1.4581560392227588
33.551775887943975,0.16040086521622246
33.58679339669835,0.7476762769074677
33.621810905452726,1.2639522640243126
33.656828414207105,-1.9176103215014286
33.69184592296148,1.371026252305651
33.726863431715856,0.3291576303450928
33.761880940470235,2.07075829240618
33.796898449224614,-0.8039153425662147
33.83191595797899,2.0558775370930413
33.866933466733364,-2.500927672215081
33.90195097548774,0.3191863834993653
33.93696848424212,1.1093432165924173
33.971985992996494,-1.6915377580776287
34.00700350175087,3.146327355893161
34.04202101050525,-1.8643586956116005
34.07703851925963,-1.269565474931512
34.11205602801401,-1.614284555616203
34.14707353676838,-0.6940589631147924
34.18209104552276,0.2174205747822765
34.21710855427714,1.2603988869439742
34.25212606303152,1.4958760799608186
34.28714357178589,-0.4260501626157478
34.32216108054027,-0.4195440943883948
34.35717858929465,-2.123127825035848
34.39219609804903,3.930042492136333
34.427213606803406,1.67507277543113
34.46223111555778,-0.8444856442518759
34.49724862431216,0.3416733812259487
34.532266133066535,-2.488129889117031
34.56728364182091,-1.7665123407909973
34.602301150575286,1.2232376611989468
34.637318659329665,-3.006563017118298
34.672336168084044,-1.8247671425565437
34.70735367683842,-0.1055657341372382
34.742371185592795,1.2864027053141294
34.777388694347174,-2.5186962124644006
34.81240620310155,-0.4555503025135577
34.847423711855924,-3.0741014611003648
34.8824412206103,0.7067380154668285
34.91745872936468,-2.2579952056538897
34.95247623811906,2.7176551402326594
34.98749374687344,-3.4477648964305323
35.02251125562781,-1.9093416843003999
35.05752876438219,3.7679486837194154
35.09254627313657,1.5975936511537545
35.12756378189094,-0.7156277764383812
35.16258129064532,-1.6133342110274254
35.1975987993997,0.4632535387173376
35.23261630815408,1.2089801297048874
35.26763381690846,-1.1078261775972207
35.30265132566283,3.1981870110423762
35.33766883441721,-2.267080119125671
35.37268634317159,1.2206647074972579
35.40770385192596,1.3074486903757927
35.44272136068034,1.034060193832716
35.47773886943472,-3.036607582322377
35.512756378189096,1.8684595693545154
35.547773886943475,-0.8243476049563069
35.582791395697846,2.8395034047640286
35.617808904452225,-1.2481946546561336
35.652826413206604,0.7326771595843542
35.687843921960976,2.726477543992274
35.722861430715355,-0.07590210836674793
35.757878939469734,1.7349291725872074
35.79289644822411,-0.6875028569288317
35.82791395697849,0.968094529222761
35.86293146573287,-0.8046164322361758
35.89794897448724,0.8863502472056416
35.93296648324162,2.7433708928733895
35.967983991996,-1.0604496401815555
36.00300150075037,4.3042128228551055
36.03801900950475,-3.195899188266144
36.07303651825913,-1.0397335000603134
36.10805402701351,-3.3301391919410754
36.14307153576789,3.249866648046807
36.17808904452226,2.162296160227044
36.21310655327664,2.349594991522143
36.24812406203101,4.623372484692043
36.28314157078539,-1.8599155359913464
36.31815907953977,1.2598910552111289
36.35317658829415,1.3151419748550328
36.388194097048526,1.864909134559832
36.423211605802905,-1.958280825478316
36.458229114557284,-0.3757490632228085
36.493246623311656,2.0351821920477335
36.528264132066035,-2.9320190485064863
36.563281640820406,1.6025670693055472
36.598299149574785,-0.2550819332367202
36.633316658329164,1.7138440870480347
36.66833416708354,0.0020047962117463905
36.70335167583792,1.2297589669377869
36.7383691845923,0.8301264384614996
36.77338669334667,-1.8816436849967704
36.80840420210105,-1.2173610974321403
36.843421710855424,0.40741145969360515
36.8784392196098,2.885615191942124
36.91345672836418,3.6482599704280183
36.94847423711856,-0.920127077570786
36.98349174587294,1.1681780956257815
37.01850925462732,-2.959097064779894
37.05352676338169,-0.6675747960526262
37.08854427213607,0.6049654311103261
37.12356178089044,0.864904994704106
37.15857928964482,0.44336420058778625
37.1935967983992,0.5562707759209939
37.22861430715358,-2.233230683826768
37.26363181590796,1.344646470527399
37.298649324662335,-0.5697639612402567
37.33366683341671,2.6912142482553696
37.368684342171086,-1.9998093971917106
37.40370185092546,-1.1072134484692675
37.43871935967984,1.1803208032855508
37.473736868434216,2.4988771685865148
37.508754377188595,-1.5117889836132743
37.543771885942974,0.16252665334759658
37.57878939469735,1.7676843164876523
37.613806903451724,1.6113072757545366
37.6488244122061,-1.6724606847013999
37.683841920960475,0.4588251492249926
37.718859429714854,0.6602452024683981
37.75387693846923,-1.771392295663619
37.78889444722361,-1.4178559136522682
37.82391195597799,0.5268523517537193
37.85892946473237,-1.1049079459626645
37.89394697348674,-3.8841789301371774
37.92896448224112,-0.22918166814529256
37.9639819909955,-0.9588076483387813
37.99899949974987,0.54540294964644
38.03401700850425,-2.5813080038789895
38.06903451725863,1.1767958210252
38.10405202601301,0.2919448672242369
38.13906953476739,1.8696905416532452
38.174087043521766,-0.45273613009380426
38.20910455227614,-0.5777918887391454
38.24412206103052,3.3814777301592573
38.27913956978489,-4.410801085992984
38.31415707853927,-1.2565397397181726
38.349174587293646,-1.3064714595306148
38.384192096048025,-0.9350572034482634
38.419209604802404,0.779370926903633
38.45422711355678,1.3276762762850634
38.489244622311155,-0.2605708724046499
38.524262131065534,0.06278614430301124
38.559279639819906,-1.3694395770793197
38.594297148574285,1.2832756170581627
38.62931465732866,1.2918157691936845
38.66433216608304,1.7979944844348013
38.69934967483742,0.7348832299267192
38.7343671835918,-0.7436856651535804
38.76938469234617,-0.945893331679682
38.80440220110055,-1.396488281464236
38.83941970985492,1.995449156898994
38.8744372186093,0.5301718907903421
38.90945472736368,-2.6939143974669486
38.94447223611806,1.7543359629064106
38.97948974487244,2.432707845544094
39.01450725362682,1.8284169247234405
39.04952476238119,-0.14292805968137343
39.08454227113557,-0.2743525220096104
39.11955977988994,-2.316211751982715
39.15457728864432,-2.2344641500865845
39.1895947973987,-1.2307200810037588
39.22461230615308,2.6274100536592644
39.259629814907456,0.16231300464507828
39.294647323661835,-0.6528868404416039
39.329664832416206,2.5981632363473723
39.364682341170585,1.4021525237518648
39.39969984992496,2.192606072525464
39.434717358679336,-1.0524178487856233
39.469734867433715,-3.202831256251304
39.504752376188094,-2.300168530716376
39.53976988494247,1.3998944797801736
39.57478739369685,3.6285964655820164
39.60980490245123,0.9145755097645354
39.6448224112056,1.9544193208704
39.67983991995998,0.47371444045355815
39.71485742871435,0.8205867610374482
39.74987493746873,-1.0409762026947762
39.78489244622311,0.7155476062681607
39.81990995497749,3.2660738624461243
39.85492746373187,-0.31606963991218673
39.88994497248625,0.055614390605492565
39.92496248124062,0.8095366452685442
39.959979989995,0.5531397603393857
39.99499749874937,-1.2604568293436509
40.03001500750375,-3.4958759262717742
40.06503251625813,0.42279962289455775
40.10005002501251,-1.3517206559363262
40.135067533766886,1.2098475890279927
40.170085042521265,-2.1715412944649346
40.20510255127564,-0.15283031384490997
40.240120060030016,2.438350994108185
40.27513756878439,0.08420671964877098
40.31015507753877,-1.9398162342720715
40.345172586293145,-1.3411936902943147
40.380190095047524,0.7601486542726851
40.4152076038019,-4.986632798365867
40.45022511255628,-2.200810860916176
40.485242621310654,1.8238353480289047
40.52026013006503,-1.6210754299206216
40.555277638819405,-2.1630818184903613
40.590295147573784,-4.331607040340653
40.62531265632816,-1.5474153232245709
40.66033016508254,0.7181462184946494
40.69534767383692,0.17569327129775958
40.7303651825913,-1.6387677279814727
40.76538269134567,-1.123218576757307
40.80040020010005,1.6348255713251176
40.83541770885442,1.5112917589668027
40.8704352176088,-2.429034194092729
40.90545272636318,0.10626604251474782
40.94047023511756,-0.7389373588933164
40.97548774387194,1.2371360703009153
41.01050525262632,0.8505810424862612
41.045522761380695,-0.7915798406284567
41.08054027013507,0.2370991060350358
41.115557778889446,-1.4982301001095115
41.15057528764382,-0.003653202638098369
41.1855927963982,-0.021755443344930358
41.220610305152576,0.9763313091076169
41.255627813906955,-3.6354725785945297
41.290645322661334,-0.015198095814967554
41.32566283141571,-1.8200879069007343
41.360680340170084,-1.3656299639784601
41.39569784892446,-0.5638402764325331
41.430715357678835,3.3647881646067006
41.465732866433214,-1.464376666566312
41.50075037518759,-0.7628238633346245
41.53576788394197,-0.3179501794278449
41.57078539269635,-0.12627698382508273
41.60580290145073,0.060780659580365326
41.6408204102051,-0.8658569911866896
41.67583791895948,0.15331772467654525
41.71085542771385,0.6839759939911704
41.74587293646823,-0.02223802026589421
41.78089044522261,-1.0426616026659725
41.81590795397699,2.165643333139803
41.85092546273137,-2.860603584477365
41.88594297148575,0.5322439586850012
41.92096048024012,2.4902505818390432
41.9559779889945,-1.0712508387139266
41.99099549774887,-2.219876997835717
42.02601300650325,1.4609004829638157
42.06103051525763,0.3125599203197432
42.096048024012006,-2.862630627153438
42.131065532766385,1.5506028357148698
42.166083041520764,-0.3871260223941682
42.201100550275136,-0.6530087744920641
42.236118059029515,0.47296437994895796
42.27113556778389,2.501957697855816
42.306153076538266,-1.6114341236787129
42.341170585292645,3.3520180651360967
42.37618809404702,0.9878144465766882
42.4112056028014,1.7598456884059326
42.44622311155578,1.7693451364621409
42.48124062031016,1.5136852785264872
42.51625812906453,-0.5890759679592943
42.55127563781891,0.15728633075545237
42.58629314657328,0.9895417788115375
42.62131065532766,-2.3884753451449665
42.65632816408204,3.3457824878957534
42.69134567283642,2.8301586927856017
42.7263631815908,2.0700975413182223
42.76138069034518,-2.1573197664050237
42.79639819909955,-0.753499581097474
42.83141570785393,-1.5347817645756008
42.8664332166083,-2.2352759752549787
42.90145072536268,3.084310836047314
42.93646823411706,0.40883226800622424
42.97148574287144,1.8630821723200002
43.006503251625816,-3.7477902009558037
43.041520760380195,-0.9063349885839466
43.076538269134566,4.430002438486538
43.111555777888945,-0.13552052032401907
43.14657328664332,4.993248260478562
43.181590795397696,11.740101527972723
43.216608304152075,25.198600303198035
43.251625812906454,43.87618664527363
43.28664332166083,68.0788905403641
43.32166083041521,85.70807009784795
43.356678339169584,94.60001746580177
43.39169584792396,102.3411703438208
43.426713356678334,89.83479812905807
43.46173086543271,72.68281200089693
43.49674837418709,47.83450068679754
43.53176588294147,26.539199751647676
43.56678339169585,17.944864760621254
43.60180090045023,7.84643130684389
43.6368184092046,7.534238980718019
43.67183591795898,0.04704694614773208
43.70685342671335,2.498856139765301
43.74187093546773,-0.038785584763526004
43.77688844422211,2.0749195697533205
43.81190595297649,0.8013311457843302
43.84692346173087,-2.1333476369453885
43.881940970485246,-0.37924980299079963
43.916958479239625,-4.060814980790684
43.951975987994,-4.359955290146871
43.986993496748376,-0.2694513148895674
44.02201100550275,1.585244117362031
44.05702851425713,-4.1788878864961605
44.092046023011505,0.23293229630568094
44.127063531765884,0.48994490897004533
44.16208104052026,-4.487948885917925
44.19709854927464,0.5339749806684191
44.232116058029014,-0.1890565214101926
44.26713356678339,-2.7784253530759586
44.302151075537765,0.47189222951254856
44.337168584292144,0.5749157623828455
44.37218609304652,-0.08893568822287942
44.4072036018009,-2.396995736616963
44.44222111055528,2.4031113519924343
44.47723861930966,-1.3832265820708238
44.51225612806403,-0.46838318562409115
44.54727363681841,-1.0382383003501607
44.58229114557278,3.925703988260644
44.61730865432716,1.2084965412479636
44.65232616308154,-1.4218507708739911
44.68734367183592,-2.4787229904111117
44.7223611805903,-2.019621167024049
44.75737868934468,-2.0562945179063195
44.79239619809905,-1.8432208234952567
44.82741370685343,0.5054661776832408
44.8624312156078,1.99243539404193
44.89744872436218,1.7116175999372896
44.93246623311656,1.991131794036338
44.967483741870936,-1.5560163208568965
45.002501250625315,-1.4496779463506457
45.037518759379694,-0.9766071189708977
45.072536268134066,-0.23189555556314606
45.107553776888444,-0.1904104942815061
45.142571285642816,-2.2646936684848886
45.177588794397195,-0.3698387118187329
45.212606303151574,-1.623600576699619
45.24762381190595,0.5285076837421323
45.28264132066033,2.1952754396996146
45.31765882941471,-0.9340855148904845
45.35267633816908,-0.5871265055447313
45.38769384692346,-0.7222091763176652
45.42271135567784,0.5583332717027935
45.45772886443221,0.19288024653997057
45.49274637318659,0.1977400704568696
45.52776388194097,-2.2387337704888477
45.56278139069535,0.7492100516794719
45.59779889944973,2.1373585062161142
45.63281640820411,-0.7219035580512873
45.66783391695848,2.3943526795934513
45.70285142571286,2.4402761496547787
45.73786893446723,2.0426880657674986
45.77288644322161,3.5476205327766723
45.80790395197599,-0.5394210484231872
45.842921460730366,2.7765186959639294
45.877938969484745,-0.10337063314403937
45.912956478239124,-1.042123373910306
45.947973986993496,-0.22844213917632453
45.982991495747875,0.5561543284421755
46.01800900450225,-0.6334090240160754
46.053026513256626,-0.8000804845705285
46.088044022011005,5.116886798111599
46.12306153076538,-0.6477947623142968
46.15807903951976,-2.6457866186567274
46.19309654827414,-3.5046715543624747
46.22811405702851,-0.8094268183105543
46.26313156578289,0.7926749121821535
46.298149074537264,0.6279347260601714
46.33316658329164,-0.8768847360629347
46.36818409204602,-0.786694558779247
46.4032016008004,3.4653056539601335
46.43821910955478,1.7275535571447391
46.47323661830916,3.834514037005038
46.50825412706353,0.7317694891955053
46.54327163581791,0.8233900524464409
46.57828914457228,-0.7675470615482322
46.61330665332666,-1.0001702796485128
46.64832416208104,2.267456040306498
46.68334167083542,-0.0875660769792581
46.7183591795898,-0.9236552258775105
46.753376688344176,3.206599373559725
46.78839419709855,-0.5923342623643476
46.823411705852926,-2.1599370996913025
46.8584292146073,-5.257038975344408
46.89344672336168,2.9830306182790483
46.928464232116056,-0.6669281165970351
46.963481740870435,5.642988043028202
46.998499249624814,-2.4706612289165557
47.03351675837919,-0.015141717573086681
47.06853426713357,-0.039169273266009406
47.103551775887944,-4.8551024664524345
47.13856928464232,-1.04418328000378
47.173586793396694,0.2720154007624832
47.20860430215107,-1.3649330669539614
47.24362181090545,-0.09206467598787334
47.27863931965983,-2.08027027253442
47.31365682841421,-0.6333871068222695
47.34867433716859,0.37369425597928124
47.38369184592296,1.08937359368895
47.41870935467734,-4.263215736861976
47.45372686343171,0.9435982881540449
47.48874437218609,-2.9294722632309207
47.52376188094047,2.9899687430366635
47.55877938969485,-1.4568885090557606
47.59379689844923,-2.15620940760777
47.628814407203606,-3.483951487956292
47.66383191595798,1.457968377528693
47.69884942471236,-1.7992383510178271
47.73386693346673,0.1310727182670745
47.76888444222111,-2.842707392322749
47.80390195097549,0.9831104440165194
47.838919459729865,1.3944498524151177
47.873936968484244,-1.705585765839938
47.90895447723862,-0.044719428229018886
47.943971985992995,-1.4377886091049725
47.978989494747374,-1.3309559079073072
48.014007003501746,-0.829383293323009
48.049024512256125,2.22840022083741
48.084042021010504,1.1267010205137291
48.11905952976488,1.1849635382614596
48.15407703851926,4.862222135338499
48.18909454727364,-0.4944011367397451
48.22411205602801,0.8529751394184456
48.25912956478239,-0.12576612863536885
48.29414707353676,-1.427374690088624
48.32916458229114,3.2381887550574655
48.36418209104552,1.2481739978492574
48.3991995997999,2.188332059390642
48.43421710855428,0.7198848134674283
48.46923461730866,-1.7014158232722167
48.50425212606304,-0.8130363356868977
48.53926963481741,0.7975757705493959
48.57428714357179,2.4470835761563117
48.60930465232616,4.3019226728675415
48.64432216108054,0.09620173890455692
48.67933966983492,-1.3986752589511988
48.714357178589296,0.8271810940467685
48.749374687343675,2.2110334275974073
48.784392196098054,-1.1309783875978134
48.819409704852426,-0.6015674034454342
48.854427213606805,-1.8395879641346535
48.889444722361176,-1.8877291155091451
48.924462231115555,1.4635409978205496
48.959479739869934,-0.3499233211889122
48.99449724862431,4.758827209775602
49.02951475737869,4.019138464269885
49.06453226613307,-0.25925581752375276
49.09954977488744,0.5975405184783769
49.13456728364182,1.1900129686075243
49.16958479239619,-1.7923888758278395
49.20460230115057,-1.006797188989433
49.23961980990495,1.3017593166574473
49.27463731865933,-0.7665037871132597
49.30965482741371,-3.1455536185003057
49.34467233616809,2.445624175697944
49.37968984492246,-1.6215232300003164
49.41470735367684,-3.5212812257635995
49.44972486243121,3.18840514962023
49.48474237118559,-3.971000550021251
49.51975987993997,-1.3781362634507794
49.55477738869435,0.1942717040330131
49.589794897448726,1.5514847191939507
49.624812406203105,-0.3664997105075733
49.65982991495748,-3.2113468996484023
49.694847423711856,3.6534685571666565
49.72986493246623,-2.3755104555129005
49.76488244122061,2.1116071814393584
49.799899949974986,-1.8074260682823229
49.834917458729365,0.16483191610109182
49.86993496748374,1.6825328145534288
49.90495247623812,2.2028266731333965
49.9399699849925,0.960610462241339
49.97498749374687,-0.7313341438187616
50.01000500250125,-0.5150306436270375
50.045022511255624,-3.0560968413903353
50.08004002001,0.33372047990971065
50.11505752876438,-2.253667384279692
50.15007503751876,0.8915513884884767
50.18509254627314,-0.46195833942525466
50.22011005502752,1.9656707399996334
50.25512756378189,12.677638910644886
50.29014507253627,18.080953314427397
50.32516258129064,40.56922925788339
50.36018009004502,78.28150132373128
50.3951975987994,129.02842578420473
50.43021510755378,195.82227542721967
50.46523261630816,252.42230177047176
50.500250125062536,290.03407504468396
50.53526763381691,298.6898991727972
50.57028514257129,271.50478794375545
50.60530265132566,215.01520969023875
50.64032016008004,149.64068254148557
50.675337668834416,96.07035462182868
50.710355177588795,54.34462529866876
50.745372686343174,23.078575651214244
50.78039019509755,9.753177842152693
50.815407703851925,7.0593801205837785
50.850425212606304,4.729543993993345
50.885442721360675,4.337704692502633
50.920460230115054,2.1854725732420417
50.95547773886943,0.8130589606463177
50.99049524762381,-1.3780415582404861
51.02551275637819,-2.2468668628749584
51.06053026513257,-5.717428347637017
51.09554777388694,-0.2874857892317406
51.13056528264132,2.1046681540498047
51.16558279139569,-3.787853369655534
51.20060030015007,0.40871197328663444
51.23561780890445,2.3048512284504903
51.27063531765883,-3.514469991488875
51.30565282641321,-0.8055319588603903
51.34067033516759,-0.44435790649346857
51.37568784392196,-4.467154059900137
51.41070535267634,1.8699904194582866
51.44572286143072,0.601162911853872
51.48074037018509,2.264801582511066
51.51575787893947,-0.5024754818578424
51.55077538769385,-2.9797174776088906
51.585792896448226,-0.14914995871369413
51.620810405202604,-1.7797380951793962
51.65582791395698,-2.049176405882655
51.690845422711355,0.2422909884793936
51.725862931465734,0.2486911563918466
51.760880440220106,-2.989752747474046
51.795897948974485,-2.2709961150924705
51.830915457728864,-0.02542681489910759
51.86593296648324,-3.000342577487711
51.90095047523762,-0.39536416876116215
51.935967983992,1.6694461305969666
51.97098549274637,-2.764887917360037
52.00600300150075,0.11388941310114833
52.04102051025513,0.7972781287920354
52.0760380190095,1.4442717406207761
52.11105552776388,-0.1808407448553178
52.14607303651826,1.0229044393651854
52.18109054527264,0.6508155794376648
52.21610805402701,-0.05340611878196488
52.25112556278139,3.6980998427190492
52.28614307153577,2.1511658395215316
52.32116058029015,-0.9207184219388491
52.35617808904452,-1.009424360259518
52.3911955977989,-1.7958251492052713
52.42621310655328,-0.026250845430479328
52.461230615307656,-1.8858780254935494
52.49624812406203,2.7247853066256273
52.53126563281641,-1.2852663557358952
52.566283141570786,0.5071820012433267
52.601300650325165,-1.376468320950083
52.636318159079536,-0.8338087255853615
52.671335667833915,2.6144218326881323
52.706353176588294,0.9343584692264408
52.74137068534267,0.8941451904576359
52.776388194097045,-1.920096741347778
52.811405702851424,2.2408323283610714
52.8464232116058,-2.169653124065603
52.88144072036018,-1.6267901931958135
52.91645822911456,0.8566140909628903
52.95147573786893,-3.784045847921006
52.98649324662331,1.5070305438244394
53.02151075537769,3.3219293711628857
53.05652826413207,1.7455686567185036
53.09154577288644,-0.6017921519373695
53.12656328164082,-2.2364573173878437
53.1615807903952,0.7240005235494372
53.19659829914958,-1.3638096266326154
53.23161580790395,-2.150999445439461
53.26663331665833,-2.1367184206603183
53.30165082541271,-3.470149980369426
53.336668334167086,-0.6287753230775653
53.37168584292146,-0.6094309226759306
53.40670335167584,0.09619824299270381
53.441720860430216,-2.977317103114349
53.476738369184595,-1.5069896028366725
53.51175587793897,2.2666086372644156
53.546773386693346,1.1490942721675412
53.581790895447725,0.01899077372900917
53.616808404202104,1.3992532372134605
53.651825912956475,-1.612808711091161
53.686843421710854,1.20942489912409
53.72186093046523,-0.21913935089114292
53.75687843921961,-5.301116499936555
53.791895947973984,1.3752961677057576
53.82691345672836,-3.4443547980430402
53.86193096548274,1.6495438092254513
53.89694847423712,3.811073423274487
53.93196598299149,-0.07253515951634791
53.96698349174587,-0.4753062263682319
54.00200100050025,-4.682719770274783
54.03701850925463,4.017005373488642
54.072036018009,3.082463746645218
54.10705352676338,-3.1666617608961185
54.14207103551776,0.9319686387875299
54.17708854427214,1.8529264545763449
54.21210605302651,-1.062096549814229
54.24712356178089,-0.44804934844270644
54.28214107053527,-0.4654661396726337
54.31715857928965,-1.7635681926504683
54.35217608804402,-2.103087842872816
54.3871935967984,1.517341797173425
54.422211105552776,-0.3104214588216596
54.457228614307155,-2.9878871974806285
54.492246123061534,0.6916909898220015
54.527263631815906,-0.7918636855744821
54.562281140570285,-0.5915234301910721
54.597298649324664,-0.3768827013897827
54.63231615807904,0.3879753615990043
54.667333666833414,0.662490713135186
54.70235117558779,-2.5100703187757336
54.73736868434217,-2.87269350193495
54.77238619309655,-3.1817980668954644
54.80740370185092,-2.512939934636414
54.8424212106053,-1.1319279982963766
54.87743871935968,-1.5136300120926212
54.91245622811406,-3.8382294788582376
54.94747373686843,-2.776433916485696
54.98249124562281,0.43733451572629195
55.01750875437719,-0.9941038405529067
55.05252626313157,-1.723890728133321
55.08754377188594,-2.1313548031904235
55.12256128064032,1.088150296614604
55.1575787893947,-2.568073623020901
55.19259629814908,3.597789461395084
55.22761380690345,3.0107885812229953
55.26263131565783,-0.4406814236473658
55.29764882441221,-1.6588779263377287
55.332666333166586,-2.234933814664536
55.36768384192096,1.079699438493337
55.402701350675336,1.9777487511240637
55.437718859429715,-1.6741762773967455
55.472736368184094,1.8722021115586405
55.507753876938466,1.0050691082212484
55.542771385692845,-2.399632245444167
55.577788894447224,-0.5905470925033429
55.6128064032016,-2.3987039467250364
55.647823911955975,3.8098460298790573
55.68284142071035,0.3625290114207213
55.71785892946473,-2.783753057922502
55.75287643821911,-3.1615742692451945
55.78789394697348,-0.18148095250951246
55.82291145572786,1.6411556133356509
55.85792896448224,2.04780296932039
55.89294647323662,2.989517234566137
55.927963981991,-0.6685543834638519
55.96298149074537,-0.1366000790801108
55.99799899949975,-0.15723353188603
56.03301650825413,0.659758720593375
56.06803401700851,-3.1468760033503407
56.10305152576288,-4.54038234735892
56.13806903451726,2.2068393801415853
56.17308654327164,-2.3090802229521947
56.208104052026016,0.3756676370057873
56.24312156078039,-2.1206530842432043
56.27813906953477,-0.8043223238581275
56.313156578289146,1.2489922975623242
56.348174087043525,-0.32121903192754747
56.383191595797896,-0.3432754944730828
56.418209104552275,1.370455486647599
56.453226613306654,-1.1990659198831215
56.48824412206103,0.11549908262799093
56.523261630815405,1.6896119271824217
56.558279139569784,-3.750356531767723
56.59329664832416,3.4573460660065005
56.62831415707854,1.4394292965383497
56.663331665832914,-2.0477773338668643
56.69834917458729,2.101828157312052
56.73336668334167,-0.3662419352950385
56.76838419209605,2.0633581478440606
56.80340170085042,-0.25210771198220067
56.8384192096048,0.9509830590867604
56.87343671835918,-2.4388967395129724
56.90845422711356,1.2846153082113965
56.94347173586793,0.1214383986542947
56.97848924462231,-3.3435596489288026
57.01350675337669,-1.6651044823950472
57.04852426213107,2.2160031910272386
57.08354177088544,-2.7609393435406724
57.11855927963982,-0.7665789043146365
57.1535767883942,-1.1787303647044483
57.188594297148576,2.5989963512747742
57.22361180590295,1.6057212635610159
57.25862931465733,-0.8997864235900116
57.293646823411706,-0.9483074441387814
57.328664332166085,-1.165534854398815
57.363681840920464,2.3996253876282485
57.398699349674835,5.11852122788032
57.433716858429214,-0.7932186712703201
57.46873436718359,-1.7914482667566407
57.50375187593797,-3.3008042675663156
57.538769384692344,0.136794248581551
57.57378689344672,0.7127007894419116
57.6088044022011,-0.09877683152307178
57.64382191095548,2.6524200734015695
57.67883941970985,-1.334496082529148
57.71385692846423,-1.9459010763695375
57.74887443721861,4.877045682580589
57.78389194597299,1.2967278441734922
57.81890945472736,0.6900436424003176
57.85392696348174,1.7156896667632626
57.88894447223612,-0.6187460421816611
57.9239619809905,-1.7177574218076037
57.95897948974487,2.8124079373178588
57.99399699849925,-0.6181902274643651
58.02901450725363,-0.31675028673638606
58.06403201600801,1.8476649539239178
58.09904952476238,-2.1188724244747816
58.13406703351676,2.745988130768587
58.169084542271136,1.8084234782784965
58.204102051025515,3.1376993785860825
58.23911955977989,1.0644727231009867
58.274137068534266,2.904609188996191
58.309154577288645,-3.143892462512011
58.344172086043024,-2.608472088198813
58.379189594797396,1.3406737673744276
58.414207103551774,0.4103091714066449
58.44922461230615,-1.3118166344000513
58.48424212106053,1.587162452454722
58.519259629814904,-0.8870189476780511
58.55427713856928,0.6824061213929884
58.58929464732366,-3.084783075075529
58.62431215607804,1.3947752989860522
58.65932966483241,2.65443460142841
58.69434717358679,-0.0941906031952313
58.72936468234117,3.406118803608536
58.76438219109555,0.8969877725012594
58.79939969984992,1.3584756679972239
58.8344172086043,-1.7374127232234131
58.86943471735868,-2.4189133728910592
58.90445222611306,0.8337024290328983
58.93946973486744,1.7866359370785505
58.97448724362181,-1.3647513315391298
59.00950475237619,4.571083722147197
59.04452226113057,-0.4552151378078907
59.079539769884946,0.9571272111330643
59.11455727863932,-1.04242643189182
59.149574787393696,-3.7338676595425944
59.184592296148075,-1.2960481927840681
59.219609804902454,-0.3752141070558405
59.254627313656826,0.788730232287894
59.289644822411205,-1.3652316239591904
59.324662331165584,-1.1887531176620851
59.35967983991996,3.3533144031109003
59.394697348674335,-1.3832720405052992
59.42971485742871,-0.24170764591441532
59.46473236618309,1.454910926040993
59.49974987493747,-0.3722543655961746
59.53476738369184,-0.10613553980857562
59.56978489244622,-0.46676068487899397
59.6048024012006,-2.171431083254304
59.63981990995498,1.464045259008894
59.67483741870935,0.3284832634465611
59.70985492746373,-1.0910615830288377
59.74487243621811,0.6535802726216465
59.77988994497249,1.1563833127823426
59.81490745372686,-3.749945405858164
59.84992496248124,0.5455934117428788
59.88494247123562,2.528153641080159
59.91995997999,-1.1305309189810897
59.95497748874437,-0.47757714573976556
59.98999499749875,-0.22177861309356983
60.02501250625313,1.9711986677850033
60.060030015007506,1.1167421611217885
60.09504752376188,0.5918567094524938
60.13006503251626,-0.06432648843122486
60.165082541270635,1.300735701150258
60.200100050025014,0.057727460272435645
60.235117558779386,-0.8283681146071581
60.270135067533765,1.5953301665470991
60.305152576288144,3.466005542899897
60.34017008504252,0.33953826625021577
60.3751875937969,-0.0556865667245957
60.410205102551274,-0.005533121873160467
60.44522261130565,-0.7264262534068319
60.48024012006003,1.4039423406877751
60.51525762881441,-0.3559045557087634
60.55027513756878,-3.1239918066545087
60.58529264632316,4.024110314664198
60.62031015507754,0.4517475660778936
60.65532766383192,-0.8482784704520404
60.69034517258629,3.471977220336849
60.72536268134067,-1.8951530775927672
60.76038019009505,-2.2627044339266096
60.79539769884943,-1.5868392083736946
60.8304152076038,0.42202316984448746
60.86543271635818,-0.7728354947785132
60.90045022511256,0.7962487423835163
60.935467733866936,-2.5891499854988065
60.97048524262131,-0.024784438992388
61.00550275137569,0.32348368432888824
61.040520260130066,-1.1832798235569164
61.075537768884445,1.5980174350896197
61.11055527763882,-1.9971754636416852
61.145572786393195,-4.3321580002347995
61.180590295147574,-0.14460828748436477
61.21560780390195,0.2647174242610415
61.250625312656325,3.985527868941908
61.285642821410704,2.251788836603483
61.32066033016508,0.7450390004165863
61.35567783891946,-1.1244890198034574
61.390695347673834,0.7859935066862013
61.42571285642821,-3.7493472044207907
61.46073036518259,1.2315756671474303
61.49574787393697,-0.8077309223560765
61.53076538269134,0.17524422762404818
61.56578289144572,-0.2939601462730924
61.6008004002001,-0.7341664340576288
61.63581790895448,2.0709045811395543
61.67083541770885,1.6757312101009134
61.70585292646323,-0.03289966528433552
61.74087043521761,-0.8030787371004673
61.77588794397199,-1.0462572912138535
61.81090545272636,6.9520377100286685
61.84592296148074,2.253679301496919
61.88094047023512,-0.35860775866208366
61.915957978989496,0.2924843098938423
61.950975487743875,-2.485421461579909
61.98599299649825,-3.5839487886073575
62.021010505252626,5.292679276289075
62.056028014007005,1.9186429067085646
62.091045522761384,1.588429668039269
62.126063031515756,0.5556880436150692
62.161080540270135,-2.836905490231387
62.19609804902451,1.9463791508877062
62.23111555777889,3.8138271368653602
62.266133066533264,-0.41410665176318834
62.30115057528764,2.4272083309161214
62.33616808404202,1.5146345557210517
62.3711855927964,1.8757128980608704
62.40620310155077,1.2821245410479714
62.44122061030515,2.4952402663999314
62.47623811905953,-0.15331370475617498
62.51125562781391,-3.6721761903303296
62.54627313656828,-0.18109457491275247
62.58129064532266,-4.102062567350115
62.61630815407704,0.25644171550253747
62.65132566283142,-2.4315017325499673
62.68634317158579,0.6872795379382935
62.72136068034017,4.359428082467951
62.75637818909455,-0.6804528959593061
62.79139569784893,1.1490192205509462
62.8264132066033,-0.7245068086791158
62.86143071535768,-0.8561962232971375
62.896448224112056,1.9888320670645887
62.931465732866435,-0.18087817372804973
62.96648324162081,-1.0498432065542795
63.001500750375186,0.6703107008471201
63.036518259129565,-1.8834386843481725
63.071535767883944,-1.2042789140338201
63.106553276638316,-0.07354671920120058
63.141570785392695,3.4252213062925088
63.176588294147074,-0.07542883404792168
63.21160580290145,-1.732013684216064
63.246623311655824,-0.21969045649282132
63.2816408204102,-2.9708684426077148
63.31665832916458,-2.174067568021534
63.35167583791896,-2.4095328928064372
63.38669334667334,1.1704997893685813
63.42171085542771,-2.649800837104907
63.45672836418209,1.204478943743599
63.49174587293647,1.883478588359195
63.52676338169085,0.4832805160618608
63.56178089044522,2.68243846382512
63.5967983991996,-0.3431997590147066
63.63181590795398,-1.581359291586295
63.66683341670836,-1.8514734035465805
63.70185092546273,1.6180804396114254
63.73686843421711,-1.3043497303738256
63.77188594297149,2.129393703934887
63.806903451725866,-5.317314179450976
63.84192096048024,-0.805320514506959
63.87693846923462,1.913957624286457
63.911955977988995,0.0027524441809707854
63.946973486743374,3.5681254402042786
63.981990995497746,1.6384811156155081
64.01700850425212,-3.5001223850751395
64.0520260130065,-3.4033282043116664
64.08704352176088,-2.6243518626805638
64.12206103051525,-1.798620464333681
64.15707853926963,0.7144586862442813
64.19209604802401,1.7336570881442535
64.22711355677839,1.9390512474812072
64.26213106553277,-0.7913661195791684
64.29714857428715,0.16293595389260893
64.33216608304153,-1.6720168704409133
64.36718359179591,1.0620768784190275
64.40220110055027,0.5811917416071783
64.43721860930465,1.8028513240076418
64.47223611805903,-2.8325657189505224
64.50725362681341,1.1832355298312858
64.54227113556777,0.8061886261238177
64.57728864432215,0.5492243075149076
64.61230615307653,-1.480037909078295
64.64732366183091,-0.963931151581025
64.68234117058529,-0.3747759591053026
64.71735867933967,-3.036312875656599
64.75237618809405,0.25945416428315715
64.78739369684843,1.7114486323909193
64.8224112056028,0.5624956025164198
64.85742871435718,-0.803715102350032
64.89244622311156,1.3380714422430466
64.92746373186594,-4.402036702579565
64.96248124062032,1.9536530891147914
64.99749874937469,-1.6644068892642017
65.03251625812906,0.6278420090237269
65.06753376688344,-0.09972410785140814
65.10255127563782,0.18293469444712132
65.13756878439219,-3.9654530269664967
65.17258629314657,-1.2648036498423587
65.20760380190094,-0.9587698372992777
65.24262131065532,0.14534356700162654
65.2776388194097,4.383064344660654
65.31265632816408,1.7197926420413165
65.34767383691846,0.5185195157538978
65.38269134567284,2.5292455661539983
65.41770885442722,-0.6718065299564847
65.4527263631816,0.517846467648348
65.48774387193598,0.8642544258575844
65.52276138069035,-2.4757395206508073
65.55777888944472,-0.9952534619036977
65.5927963981991,2.224028928026273
65.62781390695348,2.868115725430578
65.66283141570786,-0.7277090143001751
65.69784892446222,-0.2718456084900239
65.7328664332166,0.8659169908055185
65.76788394197098,-0.5359137797683233
65.80290145072536,-1.084954082990317
65.83791895947974,-0.4331028609871
65.87293646823412,-0.9642448881107007
65.9079539769885,2.219720421166821
65.94297148574287,2.620057429172138
65.97798899449725,-0.24347343932929866
66.01300650325163,0.9321311248213335
66.04802401200601,-0.6423833642338772
66.08304152076039,2.1921469999969907
66.11805902951475,1.8114123254863839
66.15307653826913,-3.33139099973368
66.18809404702351,0.954257577599249
66.22311155577789,0.8908942629038895
66.25812906453226,1.541357902911131
66.29314657328663,-0.048540951631482934
66.32816408204101,-1.425423246560311
66.36318159079539,1.9132280646086068
66.39819909954977,-1.231226387191407
66.43321660830415,1.730463987205414
66.46823411705853,0.512305416179591
66.50325162581291,-0.5598016413188589
66.53826913456729,-1.4888038464011693
66.57328664332167,0.024557847984946878
66.60830415207604,2.5260627682034196
66.64332166083042,-0.32209211671108395
66.6783391695848,-1.0232469596329097
66.71335667833917,-0.7914709177666348
66.74837418709355,0.8764297332649955
66.78339169584793,-0.34147675737145156
66.8184092046023,-2.517326642148916
66.85342671335667,-0.7605449062018531
66.88844422211105,0.6209882434874558
66.92346173086543,-3.444600679391356
66.9584792396198,-1.3197471695124
66.99349674837418,-2.502881369750005
67.02851425712856,0.7610320433229928
67.06353176588294,-2.482349080873857
67.09854927463732,2.7965960862695356
67.1335667833917,3.5350718248295125
67.16858429214608,-0.6216057015871603
67.20360180090046,0.07085255260131182
67.23861930965484,2.134637770581208
67.2736368184092,-0.8906327327492041
67.30865432716358,-0.7242631011919988
67.34367183591796,0.8182782298266287
67.37868934467234,-2.881929456304977
67.4137068534267,4.511563910789295
67.44872436218108,2.6969414463533714
67.48374187093546,0.818290332065388
67.51875937968984,-0.6986813804983384
67.55377688844422,-1.7968240565542557
67.5887943971986,2.0427921706868872
67.62381190595298,-3.6184269801216336
67.65882941470736,1.4079057221072087
67.69384692346173,-0.647775634553832
67.72886443221611,1.980068425899407
67.76388194097049,2.2675398849692083
67.79889944972487,1.1060778126838577
67.83391695847925,0.5672071159897254
67.86893446723361,1.88161190871222
67.903951975988,-1.047500709946114
67.93896948474237,-1.1003013668990909
67.97398699349675,-0.5783920498040277
68.00900450225112,1.6016575301845455
68.0440220110055,-1.2587349609166616
68.07903951975987,-0.08037643293670078
68.11405702851425,-0.9811369804283359
68.14907453726863,-0.896410241971855
68.18409204602301,-3.55598482796524
68.21910955477739,3.656445751673634
68.25412706353177,-0.3864951063050703
68.28914457228615,-0.6047556084830259
68.32416208104053,0.5030728400658707
68.3591795897949,-1.4626310081556029
68.39419709854928,2.800980265325956
68.42921460730365,-0.3750943093434014
68.46423211605803,-0.14692858353408103
68.4992496248124,2.0687917082487397
68.53426713356679,-1.2838151357656016
68.56928464232115,-0.5815840567088503
68.60430215107553,0.6680219590711308
68.63931965982991,2.850847669272297
68.67433716858429,-5.432032785758271
68.70935467733867,2.0828981025327886
68.74437218609305,2.2095913584145563
68.77938969484742,1.1603510952949256
68.8144072036018,-0.04194964498211718
68.84942471235618,2.082847214597452
68.88444222111056,-0.7810620598091197
68.91945972986494,1.7107021293613276
68.95447723861932,-2.757526057129137
68.98949474737368,-0.7745984161527356
69.02451225612806,-0.9335215708034332
69.05952976488244,2.930859618458534
69.09454727363682,-3.7547070162217633
69.12956478239118,-0.8152592961388027
69.16458229114556,0.6622484428058155
69.19959979989994,1.685669289479654
69.23461730865432,-2.4760883716450435
69.2696348174087,-0.12625253311439552
69.30465232616308,-0.4933965504323054
69.33966983491746,2.3584540396519222
69.37468734367184,1.1122675423402917
69.40970485242622,1.4335393780459824
69.4447223611806,-2.4701916235243924
69.47973986993497,0.6366237022276716
69.51475737868935,-1.956912810192751
69.54977488744373,0.9239247047759447
69.5847923961981,-1.073107410031877
69.61980990495248,0.2136987556553684
69.65482741370685,4.006048496551699
69.68984492246123,-0.38635177413484073
69.7248624312156,-1.5302994954037874
69.75987993996998,3.727805648370173
69.79489744872436,2.856467169132347
69.82991495747874,-0.25518241321871143
69.86493246623311,-0.9050282663003523
69.89994997498749,0.4600126692713284
69.93496748374187,-1.952199303254797
69.96998499249625,0.8324155316905889
70.00500250125063,3.1401297839077866
70.04002001000501,-2.292845157565224
70.07503751875939,0.6436319536588673
70.11005502751377,-1.6863631352948214
70.14507253626813,0.35811299342465935
70.18009004502251,1.9872214932975196
70.21510755377689,-0.19504722778385272
70.25012506253127,-0.5339519265692422
70.28514257128563,1.609130803859513
70.32016008004001,-2.0753078446258173
70.35517758879439,2.629247843995504
70.39019509754877,-1.8244175179602187
70.42521260630315,-1.8289256888947403
70.46023011505753,1.1865370117482175
70.4952476238119,-1.7416554486900462
70.53026513256629,-0.31142609885002437
70.56528264132066,-2.1384712080727066
70.60030015007504,-0.35986793986538523
70.63531765882942,-0.5959463626894421
70.6703351675838,-0.5336093348320875
70.70535267633817,3.053228554678952
70.74037018509254,-1.7328905672576658
70.77538769384692,0.4919525153658481
70.8104052026013,0.7771358108403464
70.84542271135568,1.5501886457017884
70.88044022011005,3.070797861382933
70.91545772886442,2.4177759179452085
70.9504752376188,-1.806667301907847
70.98549274637318,2.456117497532553
71.02051025512756,-1.5606308824805237
71.05552776388194,2.4044184500218884
71.09054527263632,-2.040165999796796
71.1255627813907,2.2247183419103957
71.16058029014508,-1.543383323316743
71.19559779889946,0.7069513000463448
71.23061530765384,-0.9395427690945265
71.26563281640821,-1.3464853581570506
71.30065032516258,2.1594046030549436
71.33566783391696,-2.8539222637015342
71.37068534267134,-0.850814609176129
71.40570285142572,0.4334018355490529
71.44072036018008,0.9049850245187967
71.47573786893446,2.7904868237906917
71.51075537768884,1.610932257191717
71.54577288644322,-0.8277847759285838
71.5807903951976,0.5209900163780443
71.61580790395197,0.6865360340534743
71.65082541270635,0.6935478739230175
71.68584292146073,0.9799644797429446
71.72086043021511,1.5568205441599055
71.75587793896949,2.9528016596003797
71.79089544772387,0.13153078876923124
71.82591295647825,0.9383394289584551
71.86093046523261,1.0697292179482327
71.89594797398699,-1.9502036496533204
71.93096548274137,1.5990852748357265
71.96598299149575,1.337313724864252
72.00100050025011,-2.1276290586448416
72.0360180090045,-1.5833855148439802
72.07103551775887,0.803022601471441
72.10605302651325,-1.442833070168577
72.14107053526763,-1.2385282134586357
72.17608804402201,-0.4339679171228547
72.21110555277639,0.8346874329185224
72.24612306153077,-0.19247575924973945
72.28114057028515,0.688734700375967
72.31615807903952,-3.0044889346626777
72.3511755877939,1.9624190864108806
72.38619309654828,1.0210560921576957
72.42121060530266,-3.575100001131381
72.45622811405703,-1.8220304276569033
72.4912456228114,0.6607651339385139
72.52626313156578,0.9805417091296621
72.56128064032016,-1.213859512701942
72.59629814907453,-2.29293977079383
72.6313156578289,0.27906580568160316
72.66633316658329,-0.9211838297985944
72.70135067533766,-2.7069561260298696
72.73636818409204,0.0964406202078353
72.77138569284642,3.5965187219115187
72.8064032016008,-3.811200514814514
72.84142071035518,3.1752237030295807
72.87643821910956,1.4375046085566832
72.91145572786394,1.088974447763453
72.94647323661832,-0.5807863421849264
72.9814907453727,2.434297085273375
73.01650825412706,-0.4056375352332171
73.05152576288144,-0.263951424780138
73.08654327163582,0.34430159346233596
73.1215607803902,2.116187611192357
73.15657828914456,3.6875721958567094
73.19159579789894,1.7334744247897937
73.22661330665332,-1.9694888916614723
73.2616308154077,-3.3350535288672587
73.29664832416208,0.3886505184764555
73.33166583291646,2.734540157098984
73.36668334167084,4.894673063204371
73.40170085042521,2.193266169590343
73.4367183591796,-0.23222567857928023
73.47173586793397,2.0102363194978334
73.50675337668835,1.5230074775648141
73.54177088544273,2.119947003971605
73.5767883941971,0.37944799079688984
73.61180590295147,0.5709920126107659
73.64682341170585,-1.3521353247970878
73.68184092046023,0.40464948223175234
73.7168584292146,-0.6107693465489848
73.75187593796898,2.137328968248837
73.78689344672335,-1.4771278499308735
73.82191095547773,2.728981562786051
73.85692846423211,-1.322333971681263
73.89194597298649,1.3686099488932686
73.92696348174087,1.7536506672537722
73.96198099049525,1.9098246374396814
73.99699849924963,10.00430293221387
74.032016008004,33.91711113393565
74.06703351675839,61.57371602822746
74.10205102551276,108.53058568564349
74.13706853426714,160.36417832445076
74.17208604302151,227.91236720802343
74.20710355177589,282.00831568937247
74.24212106053027,300.977435430724
74.27713856928465,284.78983910496373
74.31215607803901,239.68526447997397
74.34717358679339,178.98093107360754
74.38219109554777,117.78705199289703
74.41720860430215,70.67041554851619
74.45222611305653,38.97524726311638
74.4872436218109,16.18279741360738
74.52226113056528,6.469489082891171
74.55727863931966,3.6770692814520762
74.59229614807404,-0.8904460099691802
74.62731365682842,-4.15232122285731
74.6623311655828,1.5760364944859553
74.69734867433718,-0.9672974444646145
74.73236618309154,-0.22224223285215997
74.76738369184592,-1.1645503501058518
74.8024012006003,2.2659681737524133
74.83741870935468,1.7347733860199226
74.87243621810904,-2.465130597035387
74.90745372686342,0.5656930226256327
74.9424712356178,2.1135466004178327
74.97748874437218,-1.7715135597190903
75.01250625312656,-2.3614476769846364
75.04752376188094,2.5724864541468637
75.08254127063532,-0.5549689025363245
75.1175587793897,0.9365270797625981
75.15257628814408,0.8796398884831628
75.18759379689845,1.0981594734388052
75.22261130565283,0.7190981365812976
75.25762881440721,-1.536420875828432
75.29264632316159,0.33818060612097256
75.32766383191596,1.3941095887591384
75.36268134067033,1.2563867192980511
75.39769884942471,0.09527436420570311
75.43271635817909,1.1938665737594771
75.46773386693346,0.2404285379899548
75.50275137568784,-0.17937347345878502
75.53776888444222,3.164961133857321
75.5727863931966,2.0806754663273486
75.60780390195097,-1.932566187508089
75.64282141070535,0.4018563047412076
75.67783891945973,2.5407964842916724
75.71285642821411,-0.6515032042316902
75.74787393696849,-0.8083464528382602
75.78289144572287,0.1974850043784842
75.81790895447725,-1.7549881811975157
75.85292646323163,0.28681718946136997
75.88794397198599,-3.9996775943768847
75.92296148074037,-3.8332295973677195
75.95797898949475,0.23839660505137697
75.99299649824913,-0.954070924182626
76.02801400700349,-1.378364444082612
76.06303151575787,0.9290505194612554
76.09804902451225,-0.9403157664628891
76.13306653326663,1.4075957808839104
76.16808404202101,1.1699623881559886
76.20310155077539,-0.26899192521502513
76.23811905952977,2.6609072353952556
76.27313656828414,-2.2219537561757265
76.30815407703852,1.128668088170031
76.3431715857929,-1.734354842218159
76.37818909454728,-3.739447969281452
76.41320660330166,0.2974909775761317
76.44822411205602,-0.28993694579829093
76.4832416208104,1.798514439237915
76.51825912956478,-1.6691839191205282
76.55327663831916,0.3058479071227354
76.58829414707353,-1.3362147820131873
76.6233116558279,0.010274705485734842
76.65832916458228,3.235553868862796
76.69334667333666,-0.2728622894783546
76.72836418209104,4.282183472686397
76.76338169084542,-1.321037194686599
76.7983991995998,0.45791543407629764
76.83341670835418,-0.7166748224820885
76.86843421710856,-0.671499980308505
76.90345172586294,-2.973350603422446
76.93846923461732,0.14160558086587816
76.9734867433717,0.2050973861409723
77.00850425212607,-0.5754753963072416
77.04352176088044,0.004791580324041559
77.07853926963482,1.7050114551239455
77.1135567783892,1.4176737664313586
77.14857428714357,-1.711519364869128
77.18359179589794,-3.459393517214988
77.21860930465232,-1.1921105647929156
77.2536268134067,0.6742336396695472
77.28864432216108,-0.01824573763274688
77.32366183091546,-0.1402777513391913
77.35867933966983,-1.802127058476247
77.39369684842421,1.1909230927486067
77.42871435717859,-1.3966417234976451
77.46373186593297,-0.5284553694139286
77.49874937468735,0.35000561445927325
77.53376688344173,-1.4768092070012728
77.56878439219611,-2.2018427840462222
77.60380190095047,-0.8175337574910918
77.63881940970485,-0.6794673105140046
77.67383691845923,-0.5309282507077919
77.70885442721361,-3.403233882693282
77.74387193596797,-0.7432067074815605
77.77888944472235,2.457701770563805
77.81390695347673,1.2823253770395353
77.84892446223111,-0.34746852905610714
77.88394197098549,-1.5480993180219114
77.91895947973987,-0.9270847034852803
77.95397698849425,2.2635561077480966
77.98899449724863,-1.2300699318958093
78.024012006003,-3.2594077551799425
78.05902951475738,-2.444487911392684
78.09404702351176,1.235979295768697
78.12906453226614,1.8285816237582895
78.1640820410205,3.2639938571821308
78.19909954977489,0.6921388865401834
78.23411705852926,-4.796475652454893
78.26913456728364,0.28629788439211884
78.30415207603802,2.9299794802755477
78.33916958479239,-2.006414153657616
78.37418709354677,-0.4322643039590433
78.40920460230114,-1.7167310965874267
78.44422211105552,1.2766218001485963
78.4792396198099,0.0035999102171435887
78.51425712856428,-1.7340474250662188
78.54927463731866,-0.4355714165356809
78.58429214607304,-1.661950511760508
78.61930965482742,3.517738865683664
78.6543271635818,-0.35839578343421785
78.68934467233618,-0.6384500731005631
78.72436218109056,5.303389292046939
78.75937968984492,-0.8997720734445176
78.7943971985993,-3.11816230655578
78.82941470735368,0.7962073936514212
78.86443221610806,0.6767469205651154
78.89944972486242,6.120772925589839
78.9344672336168,0.283702889116515
78.96948474237118,0.6660551551596465
79.00450225112556,2.7886815131732514
79.03951975987994,-1.5647375178068132
79.07453726863432,1.4348897155087905
79.1095547773887,-0.27425588833866027
79.14457228614307,-0.11559769958690538
79.17958979489745,-2.701149549284437
79.21460730365183,-0.9911380852737474
79.24962481240621,-1.0715275844085208
79.28464232116059,-2.3549272077470587
79.31965982991495,5.257935319409805
79.35467733866933,1.7527748300262789
79.38969484742371,-0.24719656793251615
79.42471235617809,0.2560399452739394
79.45972986493246,0.0843898087911426
79.49474737368683,0.1633967035489172
79.52976488244121,2.9130573764567957
79.56478239119559,-0.0985900425491925
79.59979989994997,-0.6114685202372446
79.63481740870435,-2.936666938953671
79.66983491745873,-5.571204162726205
79.70485242621311,4.2672842779955005
79.73986993496749,1.731938153823319
79.77488744372187,0.9703069106099931
79.80990495247624,-1.437776465898154
79.84492246123062,-0.14964113809578394
79.879939969985,0.16920833046619063
79.91495747873937,-0.05506051594995275
79.94997498749375,1.5018633400742565
79.98499249624813,-0.4090166172582067
80.0200100050025,0.6913434787287249
80.05502751375687,-1.5902170876349129
80.09004502251125,-1.8705622637551915
80.12506253126563,0.3489354893721594
80.16008004002,2.079528835220394
80.19509754877438,-3.0456569401143243
80.23011505752876,1.7463835617693104
80.26513256628314,-1.9224319579745899
80.30015007503752,-0.5149635484086194
80.3351675837919,1.756372799233963
80.37018509254628,3.6192541956026307
80.40520260130066,0.5770158070834611
80.44022011005504,-0.13194232978736012
80.4752376188094,-0.5030988231981733
80.51025512756378,0.49039880285664034
80.54527263631816,2.220990127067395
80.58029014507254,-2.189905522103972
80.6153076538269,-2.9066312152606772
80.65032516258128,-0.3263366069814574
80.68534267133566,1.1929073612028425
80.72036018009004,0.8760636357594809
80.75537768884442,-1.2017273583014316
80.7903951975988,1.9861677144135281
80.82541270635318,-2.110545099135249
80.86043021510756,0.812357420856589
80.89544772386193,-0.3812270952931006
80.93046523261631,-1.1417658090994431
80.96548274137069,-2.0377950843366714
81.00050025012507,0.7824589677761711
81.03551775887944,0.4985539606140801
81.07053526763382,-1.290753840608103
81.1055527763882,-0.10270413966510063
81.14057028514257,2.427746163506577
81.17558779389694,-0.7710176541152313
81.21060530265132,-0.07951037455200162
81.2456228114057,2.2872983980049884
81.28064032016007,0.6972782829098626
81.31565782891445,-3.090758393785224
81.35067533766883,5.316625020609182
81.38569284642321,-2.987603769631822
81.42071035517759,-3.281795777927297
81.45572786393197,-1.3635192708629291
81.49074537268635,0.17109352563686353
81.52576288144073,-0.07329017186183573
81.5607803901951,1.9337845533257445
81.59579789894948,0.11435724290524721
81.63081540770385,1.4445390667224671
81.66583291645823,-0.6607275802717394
81.70085042521261,0.13881997889591374
81.73586793396699,0.773077478916115
81.77088544272135,0.5559591013393319
81.80590295147573,-1.0343210422836502
81.84092046023011,0.7909594292897755
81.87593796898449,0.4975500574189281
81.91095547773887,0.6484533911459838
81.94597298649325,-0.4290803929927652
81.98099049524762,-1.2198652884294574
82.016008004002,4.51032745012861
82.05102551275638,0.03379222585466143
82.08604302151076,-0.790565080059228
82.12106053026514,-3.943115679860714
82.15607803901952,-1.1720258592073667
82.19109554777388,2.553162059789856
82.22611305652826,-1.0354509129261233
82.26113056528264,2.220987315927504
82.29614807403702,-5.040401540595691
82.33116558279139,0.8039860860983358
82.36618309154576,-1.509806647826305
82.40120060030014,-0.5472153576212846
82.43621810905452,1.6666062663482935
82.4712356178089,-3.3081348427744808
82.50625312656328,1.733148490014088
82.54127063531766,-3.0555276843273504
82.57628814407204,-1.766942737822617
82.61130565282642,3.570266580184062
82.6463231615808,3.6915277793495394
82.68134067033517,-3.0651575120224983
82.71635817908955,2.2089330422322146
82.75137568784392,-0.008715382902750937
82.7863931965983,2.6381720235543953
82.82141070535268,0.7076925845592954
82.85642821410705,0.7280536702270916
82.89144572286143,-2.0326658109322313
82.9264632316158,1.5463406575952623
82.96148074037018,2.9010310023381334
82.99649824912456,-2.653396553231003
83.03151575787894,-3.8473232533663264
83.06653326663331,-4.2342581032310145
83.1015507753877,-0.031015630495894633
83.13656828414207,-0.15544104866188727
83.17158579289645,0.07159347399301803
83.20660330165083,2.643665366708968
83.24162081040521,0.18134312059373853
83.27663831915959,0.7449307517750101
83.31165582791397,-3.124468139909744
83.34667333666833,-1.0001511689838936
83.38169084542271,0.7895424364433407
83.41670835417709,0.9415547048964766
83.45172586293147,1.4642085167445895
83.48674337168583,1.8707923692617485
83.52176088044021,-3.556918992122116
83.55677838919459,-0.7481401273697084
83.59179589794897,-0.3089357816279161
83.62681340670335,1.0684983388459361
83.66183091545773,-1.7283138232969188
83.6968484242121,-1.2361741136579583
83.73186593296649,1.6491312378941885
83.76688344172086,-3.177825769986942
83.80190095047524,-0.6961446811535505
83.83691845922962,2.4695634911651854
83.871935967984,-2.475361247589194
83.90695347673837,2.087908071043983
83.94197098549274,0.33918352674300156
83.97698849424712,1.7605182005433373
84.0120060030015,0.5909107726678886
84.04702351175588,-2.294862166397501
84.08204102051026,5.383877323698526
84.11705852926463,-0.6315575626148563
84.152076038019,-2.7059177343460528
84.18709354677338,0.7702634082870108
84.22211105552776,3.5114808665185655
84.25712856428214,-0.9572921460131296
84.29214607303652,-0.7479157131210211
84.3271635817909,-0.9629006970247067
84.36218109054528,-0.6447719675412241
84.39719859929966,-0.0066909655215363385
84.43221610805402,1.9092523991627692
84.4672336168084,0.6770765819778553
84.50225112556278,-0.9842283416508207
84.53726863431716,-0.2313792679738694
84.57228614307154,-0.05807311985618207
84.60730365182592,-1.064471448218063
84.6423211605803,-2.878825679433924
84.67733866933467,-2.4141987050805747
84.71235617808904,-0.4420330533318168
84.74737368684342,-0.8530362386766466
84.7823911955978,-1.3785979028698134
84.81740870435218,-0.5620080185017935
84.85242621310655,-1.42338379226191
84.88744372186093,2.5623823604143907
84.92246123061531,-1.628621471680386
84.95747873936969,-2.8281326112321037
84.99249624812406,-1.4088676501490174
85.02751375687843,0.902111945282405
85.06253126563281,-2.913847136517202
85.09754877438719,1.0043466626849977
85.13256628314157,-2.1771633232464773
85.16758379189595,2.0169102637442102
85.20260130065033,-1.888687927896902
85.23761880940471,2.632096206349215
85.27263631815907,-0.0011930097939210815
85.30765382691345,0.06496751311012237
85.34267133566783,0.3953811946006012
85.37768884442221,2.007388811613157
85.41270635317659,-0.004650000818437808
85.44772386193097,0.5651941497633459
85.48274137068535,-3.5536124889797107
85.51775887943973,0.5533705563360469
85.55277638819409,2.907831948197952
85.58779389694847,2.13241274305501
85.62281140570285,0.28376490621943556
85.65782891445723,1.3053037660829718
85.6928464232116,0.47258872899379734
85.72786393196598,2.8600588182022557
85.76288144072036,1.217153672538707
85.79789894947474,-3.7709958393288834
85.83291645822912,-0.5392769656435632
85.86793396698349,-2.4769192765033226
85.90295147573786,1.1813134662431368
85.93796898449224,-0.29602853233513726
85.97298649324662,1.5703878860953162
86.008004002001,-0.33639570486697984
86.04302151075538,-0.4507118923862472
86.07803901950976,0.4536673064495796
86.11305652826414,-2.535182145814076
86.1480740370185,-2.233579512290264
86.18309154577288,0.12654292810471554
86.21810905452726,-1.5697405691039645
86.25312656328164,0.08534186500009038
86.28814407203602,0.7170399644325843
86.3231615807904,0.9921292437030353
86.35817908954478,0.23096982546096034
86.39319659829916,4.008724780157525
86.42821410705352,-1.3662040889683864
86.4632316158079,-1.1213114676200109
86.49824912456228,1.09905944174221
86.53326663331666,-3.7685117703526925
86.56828414207104,-0.9720132281046248
86.60330165082541,1.7561953183885575
86.6383191595798,-1.7490248371518633
86.67333666833417,-1.6286540692419877
86.70835417708854,-0.560126320756503
86.74337168584292,0.22642163306386415
86.7783891945973,-0.30236612119141826
86.81340670335167,-1.9410045834910759
86.84842421210605,-1.656666149947818
86.88344172086043,-0.2056395599794206
86.91845922961481,-2.2749938700797845
86.95347673836919,4.1640794793320515
86.98849424712355,-2.7338386019464878
87.02351175587793,0.10942691439000013
87.05852926463231,1.5398511875336578
87.09354677338669,0.453362634307248
87.12856428214107,-1.0647486061238487
87.16358179089545,-0.7062691938389525
87.19859929964983,-1.0165283111754804
87.23361680840421,2.548239576002393
87.26863431715859,0.9906041429883453
87.30365182591295,-2.121235317062201
87.33866933466733,0.44675772044136763
87.37368684342171,-0.2238010691306021
87.40870435217609,0.38036578157977075
87.44372186093047,-1.8479710670799745
87.47873936968485,0.05627655252892368
87.51375687843922,-4.70537499004018
87.5487743871936,0.2638138302965973
87.58379189594797,-2.264095896453278
87.61880940470235,-0.2772912778081661
87.65382691345673,-1.2266037797747817
87.6888444222111,-1.973113593621771
87.72386193096548,-1.0786400619122933
87.75887943971986,0.2748057475266779
87.79389694847424,1.0490183700248192
87.82891445722862,0.07404355581940049
87.86393196598299,0.9819876907544253
87.89894947473736,0.6139917073297642
87.93396698349174,-0.45355453141039587
87.96898449224612,1.0780163883920255
88.0040020010005,-1.544690358576972
88.03901950975488,-3.113585755112376
88.07403701850926,-0.2901462311629917
88.10905452726364,-3.111499676504198
88.144072036018,-1.6902641643212621
88.17908954477238,0.7521958878734746
88.21410705352676,0.7252807761673062
88.24912456228114,-1.1373853348024454
88.28414207103552,0.0551413461144713
88.3191595797899,-0.44133297919571374
88.35417708854428,7.420330318363662
88.38919459729865,-3.5469211725169925
88.42421210605302,-3.8839272913843965
88.4592296148074,-1.8583496407498779
88.49424712356178,-0.4240992651325931
88.52926463231616,-0.4463647034923609
88.56428214107054,-2.434113921846876
88.59929964982491,2.90521111885516
88.6343171585793,-1.3787191195474895
88.66933466733367,-0.7301894015926228
88.70435217608804,1.4559221630476362
88.73936968484242,-0.3306393682201958
88.7743871935968,-0.15703202000719713
88.80940470235117,1.0133884949400402
88.84442221110555,-1.9745036913473084
88.87943971985993,-2.264748774495083
88.91445722861431,1.4307545573585914
88.94947473736869,2.2179657460210955
88.98449224612307,-1.6561044063577004
89.01950975487743,-2.161171475058598
89.05452726363181,1.6483072459465002
89.08954477238619,-0.9408853597934104
89.12456228114057,2.6652040393511243
89.15957978989495,-0.0946839986613186
89.19459729864933,-2.0762419293129524
89.2296148074037,1.9456680682711636
89.26463231615809,-1.28749468823617
89.29964982491245,-2.0294349280355886
89.33466733366683,-0.8229895734235592
89.36968484242121,1.5139303958408625
89.40470235117559,-4.235895318684577
89.43971985992997,0.9216941007288348
89.47473736868434,1.3709681570237806
89.50975487743872,0.8276428221282933
89.5447723861931,-2.539100076575502
89.57978989494747,-0.03320359243368089
89.61480740370185,-1.8658794519927286
89.64982491245622,-0.02262813097905701
89.6848424212106,-2.924764563796107
89.71985992996498,1.9530125256668016
89.75487743871936,4.66074885515983
89.78989494747374,3.9893515858032638
89.82491245622812,8.079554361995338
89.85992996498248,16.969673330125715
89.89494747373686,36.07305871765847
89.92996498249124,74.68426761459925
89.96498249124562,123.98182249372002
90.0,190.89671459466092
